datetime,battery_power,battery_energy,net_load_after_storage,net_load_before_pv,pv,net_load_after_pv,solar_to_load,solar_to_grid,solar_to_battery
2020-05-10 00:00:00,-600.0,-0.0,2024.0,1424.0,0.0,1424.0,0.0,0.0,0.0
2020-05-10 01:00:00,-600.0,600.0,1652.0,1052.0,0.0,1052.0,0.0,0.0,0.0
2020-05-10 02:00:00,-0.0,1200.0,1000.0,1000.0,0.0,1000.0,0.0,0.0,0.0
2020-05-10 03:00:00,-0.0,1200.0,1084.0,1084.0,0.0,1084.0,0.0,0.0,0.0
2020-05-10 04:00:00,-0.0,1200.0,970.0,970.0,0.0,970.0,0.0,0.0,0.0
2020-05-10 05:00:00,-0.0,1200.0,904.0,904.0,0.0,904.0,0.0,0.0,0.0
2020-05-10 06:00:00,-0.0,1200.0,978.0,1068.0,90.0,978.0,90.0,0.0,0.0
2020-05-10 07:00:00,-0.0,1200.0,952.0,1282.0,330.0,952.0,330.0,0.0,0.0
2020-05-10 08:00:00,582.0,1200.0,0.0,1309.0,727.0,582.0,727.0,0.0,0.0
2020-05-10 09:00:00,600.0,618.0,282.0,1160.0,278.0,882.0,278.0,0.0,0.0
2020-05-10 10:00:00,18.0,18.0,676.0,2346.0,1652.0,694.0,1652.0,0.0,0.0
2020-05-10 11:00:00,-132.0,-0.0,0.0,2672.0,2804.0,0.0,2672.0,0.0,132.0
2020-05-10 12:00:00,-600.0,132.0,0.0,1235.0,2511.0,0.0,1235.0,676.0,600.0
2020-05-10 13:00:00,-468.0,732.0,0.0,1439.0,1961.0,0.0,1439.0,54.0,468.0
2020-05-10 14:00:00,-0.0,1200.0,334.0,1304.0,970.0,334.0,970.0,0.0,0.0
2020-05-10 15:00:00,-0.0,1200.0,568.0,1489.0,921.0,568.0,921.0,0.0,0.0
2020-05-10 16:00:00,-0.0,1200.0,110.0,823.0,713.0,110.0,713.0,0.0,0.0
2020-05-10 17:00:00,600.0,1200.0,42.0,912.0,270.0,642.0,270.0,0.0,0.0
2020-05-10 18:00:00,600.0,600.0,454.0,1139.0,85.0,1054.0,85.0,0.0,0.0
2020-05-10 19:00:00,0.0,-0.0,1094.0,1094.0,0.0,1094.0,0.0,0.0,0.0
2020-05-10 20:00:00,0.0,-0.0,1120.0,1120.0,0.0,1120.0,0.0,0.0,0.0
2020-05-10 21:00:00,0.0,-0.0,1036.0,1036.0,0.0,1036.0,0.0,0.0,0.0
2020-05-10 22:00:00,0.0,-0.0,1182.0,1182.0,0.0,1182.0,0.0,0.0,0.0
2020-05-10 23:00:00,0.0,-0.0,1136.0,1136.0,0.0,1136.0,0.0,0.0,0.0
