datetime,battery_power,battery_energy,net_load_after_storage,net_load_before_pv,pv,net_load_after_pv,solar_to_load,solar_to_grid,solar_to_battery,battery_discharge,battery_charge_from_solar,battery_charge_from_grid,energy_price,solar_purchase_price,solar_export_price
2021-03-13 00:00:00,-250.0,-0.0,322.33678525,72.33678525,0.0,72.33678525,0.0,0.0,0.0,0.0,-0.0,-250.0,0.2589,0.35,0.42
2021-03-13 00:05:00,-250.0,19.166666666666664,331.94615385,81.94615385,0.0,81.94615385,0.0,0.0,0.0,0.0,-0.0,-250.0,0.2589,0.35,0.42
2021-03-13 00:10:00,-250.0,38.33333333333333,328.86153846,78.86153846,0.0,78.86153846,0.0,0.0,0.0,0.0,-0.0,-250.0,0.2589,0.35,0.42
2021-03-13 00:15:00,-250.0,57.49999999999999,324.60769231,74.60769231,0.0,74.60769231,0.0,0.0,0.0,0.0,-0.0,-250.0,0.2589,0.35,0.42
2021-03-13 00:20:00,-250.0,76.66666666666666,319.12307692,69.12307692,0.0,69.12307692,0.0,0.0,0.0,0.0,-0.0,-250.0,0.2589,0.35,0.42
2021-03-13 00:25:00,-250.0,95.83333333333331,324.64615385,74.64615385,0.0,74.64615385,0.0,0.0,0.0,0.0,-0.0,-250.0,0.2589,0.35,0.42
2021-03-13 00:30:00,-250.0,114.99999999999997,334.3,84.3,0.0,84.3,0.0,0.0,0.0,0.0,-0.0,-250.0,0.2589,0.35,0.42
2021-03-13 00:35:00,-250.0,134.16666666666663,328.21538462,78.21538462,0.0,78.21538462,0.0,0.0,0.0,0.0,-0.0,-250.0,0.2589,0.35,0.42
2021-03-13 00:40:00,-250.0,153.3333333333333,327.23846154,77.23846154,0.0,77.23846154,0.0,0.0,0.0,0.0,-0.0,-250.0,0.2589,0.35,0.42
2021-03-13 00:45:00,-250.0,172.49999999999994,319.09230769,69.09230769,0.0,69.09230769,0.0,0.0,0.0,0.0,-0.0,-250.0,0.2589,0.35,0.42
2021-03-13 00:50:00,-250.0,191.6666666666666,317.19230769,67.19230769,0.0,67.19230769,0.0,0.0,0.0,0.0,-0.0,-250.0,0.2589,0.35,0.42
2021-03-13 00:55:00,-250.0,210.83333333333326,317.55384615,67.55384615,0.0,67.55384615,0.0,0.0,0.0,0.0,-0.0,-250.0,0.2589,0.35,0.42
2021-03-13 01:00:00,-250.0,229.99999999999991,318.66153846,68.66153846,0.0,68.66153846,0.0,0.0,0.0,0.0,-0.0,-250.0,0.2589,0.35,0.42
2021-03-13 01:05:00,-250.0,249.16666666666657,323.91538462,73.91538462,0.0,73.91538462,0.0,0.0,0.0,0.0,-0.0,-250.0,0.2589,0.35,0.42
2021-03-13 01:10:00,-250.0,268.33333333333326,311.03076923,61.03076923,0.0,61.03076923,0.0,0.0,0.0,0.0,-0.0,-250.0,0.2589,0.35,0.42
2021-03-13 01:15:00,-250.0,287.49999999999994,311.94615385,61.94615385,0.0,61.94615385,0.0,0.0,0.0,0.0,-0.0,-250.0,0.2589,0.35,0.42
2021-03-13 01:20:00,-250.0,306.66666666666663,307.18461537999997,57.18461538,0.0,57.18461538,0.0,0.0,0.0,0.0,-0.0,-250.0,0.2589,0.35,0.42
2021-03-13 01:25:00,-250.0,325.8333333333333,318.46923076999997,68.46923077,0.0,68.46923077,0.0,0.0,0.0,0.0,-0.0,-250.0,0.2589,0.35,0.42
2021-03-13 01:30:00,-250.0,345.0,305.0,55.0,0.0,55.0,0.0,0.0,0.0,0.0,-0.0,-250.0,0.2589,0.35,0.42
2021-03-13 01:35:00,-250.0,364.1666666666667,316.34615385,66.34615385,0.0,66.34615385,0.0,0.0,0.0,0.0,-0.0,-250.0,0.2589,0.35,0.42
2021-03-13 01:40:00,-250.0,383.33333333333337,310.88461538,60.88461538,0.0,60.88461538,0.0,0.0,0.0,0.0,-0.0,-250.0,0.2589,0.35,0.42
2021-03-13 01:45:00,-250.0,402.50000000000006,312.7,62.7,0.0,62.7,0.0,0.0,0.0,0.0,-0.0,-250.0,0.2589,0.35,0.42
2021-03-13 01:50:00,-250.0,421.66666666666674,307.73076923,57.73076923,0.0,57.73076923,0.0,0.0,0.0,0.0,-0.0,-250.0,0.2589,0.35,0.42
2021-03-13 01:55:00,-250.0,440.8333333333334,322.83076923,72.83076923,0.0,72.83076923,0.0,0.0,0.0,0.0,-0.0,-250.0,0.2589,0.35,0.42
2021-03-13 02:00:00,-250.0,460.0000000000001,322.23076923,72.23076923,0.0,72.23076923,0.0,0.0,0.0,0.0,-0.0,-250.0,0.2589,0.35,0.42
2021-03-13 02:05:00,-250.0,479.1666666666668,313.9,63.9,0.0,63.9,0.0,0.0,0.0,0.0,-0.0,-250.0,0.2589,0.35,0.42
2021-03-13 02:10:00,-250.0,498.3333333333335,312.65384615,62.65384615,0.0,62.65384615,0.0,0.0,0.0,0.0,-0.0,-250.0,0.2589,0.35,0.42
2021-03-13 02:15:00,-250.0,517.5000000000001,309.08461538,59.08461538,0.0,59.08461538,0.0,0.0,0.0,0.0,-0.0,-250.0,0.2589,0.35,0.42
2021-03-13 02:20:00,-250.0,536.6666666666667,312.13076923,62.13076923,0.0,62.13076923,0.0,0.0,0.0,0.0,-0.0,-250.0,0.2589,0.35,0.42
2021-03-13 02:25:00,-250.0,555.8333333333334,310.6,60.6,0.0,60.6,0.0,0.0,0.0,0.0,-0.0,-250.0,0.2589,0.35,0.42
2021-03-13 02:30:00,-250.0,575.0,319.85384615,69.85384615,0.0,69.85384615,0.0,0.0,0.0,0.0,-0.0,-250.0,0.2589,0.35,0.42
2021-03-13 02:35:00,-250.0,594.1666666666666,322.00769231,72.00769231,0.0,72.00769231,0.0,0.0,0.0,0.0,-0.0,-250.0,0.2589,0.35,0.42
2021-03-13 02:40:00,-250.0,613.3333333333333,313.4,63.4,0.0,63.4,0.0,0.0,0.0,0.0,-0.0,-250.0,0.2589,0.35,0.42
2021-03-13 02:45:00,-250.0,632.4999999999999,314.88461538,64.88461538,0.0,64.88461538,0.0,0.0,0.0,0.0,-0.0,-250.0,0.2589,0.35,0.42
2021-03-13 02:50:00,-250.0,651.6666666666665,311.1,61.1,0.0,61.1,0.0,0.0,0.0,0.0,-0.0,-250.0,0.2589,0.35,0.42
2021-03-13 02:55:00,-250.0,670.8333333333331,318.10769231,68.10769231,0.0,68.10769231,0.0,0.0,0.0,0.0,-0.0,-250.0,0.2589,0.35,0.42
2021-03-13 03:00:00,-250.0,689.9999999999998,317.11538462,67.11538462,0.0,67.11538462,0.0,0.0,0.0,0.0,-0.0,-250.0,0.2589,0.35,0.42
2021-03-13 03:05:00,-250.0,709.1666666666664,314.67692308,64.67692308,0.0,64.67692308,0.0,0.0,0.0,0.0,-0.0,-250.0,0.2589,0.35,0.42
2021-03-13 03:10:00,-250.0,728.333333333333,319.03846154,69.03846154,0.0,69.03846154,0.0,0.0,0.0,0.0,-0.0,-250.0,0.2589,0.35,0.42
2021-03-13 03:15:00,-250.0,747.4999999999997,307.04615385,57.04615385,0.0,57.04615385,0.0,0.0,0.0,0.0,-0.0,-250.0,0.2589,0.35,0.42
2021-03-13 03:20:00,-250.0,766.6666666666663,308.99230769,58.99230769,0.0,58.99230769,0.0,0.0,0.0,0.0,-0.0,-250.0,0.2589,0.35,0.42
2021-03-13 03:25:00,-250.0,785.8333333333329,306.36153846,56.36153846,0.0,56.36153846,0.0,0.0,0.0,0.0,-0.0,-250.0,0.2589,0.35,0.42
2021-03-13 03:30:00,-250.0,804.9999999999995,317.87692308,67.87692308,0.0,67.87692308,0.0,0.0,0.0,0.0,-0.0,-250.0,0.2589,0.35,0.42
2021-03-13 03:35:00,-250.0,824.1666666666662,318.77142857,68.77142857,0.0,68.77142857,0.0,0.0,0.0,0.0,-0.0,-250.0,0.2589,0.35,0.42
2021-03-13 03:40:00,-250.0,843.3333333333328,311.02307692,61.02307692,0.0,61.02307692,0.0,0.0,0.0,0.0,-0.0,-250.0,0.2589,0.35,0.42
2021-03-13 03:45:00,-250.0,862.4999999999994,314.29230769000003,64.29230769,0.0,64.29230769,0.0,0.0,0.0,0.0,-0.0,-250.0,0.2589,0.35,0.42
2021-03-13 03:50:00,-250.0,881.6666666666661,308.36923077,58.36923077,0.0,58.36923077,0.0,0.0,0.0,0.0,-0.0,-250.0,0.2589,0.35,0.42
2021-03-13 03:55:00,-250.0,900.8333333333327,311.38461538,61.38461538,0.0,61.38461538,0.0,0.0,0.0,0.0,-0.0,-250.0,0.2589,0.35,0.42
2021-03-13 04:00:00,-250.0,919.9999999999993,311.66153846,61.66153846,0.0,61.66153846,0.0,0.0,0.0,0.0,-0.0,-250.0,0.2589,0.35,0.42
2021-03-13 04:05:00,-250.0,939.166666666666,307.76923077,57.76923077,0.0,57.76923077,0.0,0.0,0.0,0.0,-0.0,-250.0,0.2589,0.35,0.42
2021-03-13 04:10:00,-250.0,958.3333333333326,319.23076923,69.23076923,0.0,69.23076923,0.0,0.0,0.0,0.0,-0.0,-250.0,0.2589,0.35,0.42
2021-03-13 04:15:00,-250.0,977.4999999999992,310.19230769,60.19230769,0.0,60.19230769,0.0,0.0,0.0,0.0,-0.0,-250.0,0.2589,0.35,0.42
2021-03-13 04:20:00,-43.47826086957635,996.6666666666658,105.82441471957635,62.34615385,0.0,62.34615385,0.0,0.0,0.0,0.0,-0.0,-43.47826086957635,0.2589,0.35,0.42
2021-03-13 04:25:00,-0.0,1000.0,62.56923077,62.56923077,0.0,62.56923077,0.0,0.0,0.0,-0.0,-0.0,0.0,0.2589,0.35,0.42
2021-03-13 04:30:00,-0.0,1000.0,59.55,59.55,0.0,59.55,0.0,0.0,0.0,-0.0,-0.0,0.0,0.2589,0.35,0.42
2021-03-13 04:35:00,-0.0,1000.0,60.26153846,60.26153846,0.0,60.26153846,0.0,0.0,0.0,-0.0,-0.0,0.0,0.2589,0.35,0.42
2021-03-13 04:40:00,-0.0,1000.0,59.83846154,59.83846154,0.0,59.83846154,0.0,0.0,0.0,-0.0,-0.0,0.0,0.2589,0.35,0.42
2021-03-13 04:45:00,-0.0,1000.0,68.07692308,68.07692308,0.0,68.07692308,0.0,0.0,0.0,-0.0,-0.0,0.0,0.2589,0.35,0.42
2021-03-13 04:50:00,-0.0,1000.0,62.32307692,62.32307692,0.0,62.32307692,0.0,0.0,0.0,-0.0,-0.0,0.0,0.2589,0.35,0.42
2021-03-13 04:55:00,-0.0,1000.0,65.14615385,65.14615385,0.0,65.14615385,0.0,0.0,0.0,-0.0,-0.0,0.0,0.2589,0.35,0.42
2021-03-13 05:00:00,-0.0,1000.0,61.5,61.5,0.0,61.5,0.0,0.0,0.0,-0.0,-0.0,0.0,0.2589,0.35,0.42
2021-03-13 05:05:00,-0.0,1000.0,57.6,57.6,0.0,57.6,0.0,0.0,0.0,-0.0,-0.0,0.0,0.2589,0.35,0.42
2021-03-13 05:10:00,-0.0,1000.0,64.95384615,64.95384615,0.0,64.95384615,0.0,0.0,0.0,-0.0,-0.0,0.0,0.2589,0.35,0.42
2021-03-13 05:15:00,-0.0,1000.0,57.30769231,57.30769231,0.0,57.30769231,0.0,0.0,0.0,-0.0,-0.0,0.0,0.2589,0.35,0.42
2021-03-13 05:20:00,-0.0,1000.0,68.52307692,68.52307692,0.0,68.52307692,0.0,0.0,0.0,-0.0,-0.0,0.0,0.2589,0.35,0.42
2021-03-13 05:25:00,-0.0,1000.0,58.06666667,58.06666667,0.0,58.06666667,0.0,0.0,0.0,-0.0,-0.0,0.0,0.2589,0.35,0.42
2021-03-13 05:30:00,-0.0,1000.0,58.7,58.7,0.0,58.7,0.0,0.0,0.0,-0.0,-0.0,0.0,0.2589,0.35,0.42
2021-03-13 05:35:00,-0.0,1000.0,56.53846154,56.53846154,0.0,56.53846154,0.0,0.0,0.0,-0.0,-0.0,0.0,0.2589,0.35,0.42
2021-03-13 05:40:00,-0.0,1000.0,65.9,65.9,0.0,65.9,0.0,0.0,0.0,-0.0,-0.0,0.0,0.2589,0.35,0.42
2021-03-13 05:45:00,-0.0,1000.0,66.21538462,66.21538462,0.0,66.21538462,0.0,0.0,0.0,-0.0,-0.0,0.0,0.2589,0.35,0.42
2021-03-13 05:50:00,-0.0,1000.0,66.12307692,66.12307692,0.0,66.12307692,0.0,0.0,0.0,-0.0,-0.0,0.0,0.2589,0.35,0.42
2021-03-13 05:55:00,-0.0,1000.0,65.89230769,65.89230769,0.0,65.89230769,0.0,0.0,0.0,-0.0,-0.0,0.0,0.2589,0.35,0.42
2021-03-13 06:00:00,-0.0,1000.0,62.05,62.05,0.0,62.05,0.0,0.0,0.0,-0.0,-0.0,0.0,0.2589,0.35,0.42
2021-03-13 06:05:00,-0.0,1000.0,72.26153846,72.26153846,0.0,72.26153846,0.0,0.0,0.0,-0.0,-0.0,0.0,0.2589,0.35,0.42
2021-03-13 06:10:00,-0.0,1000.0,75.2,75.2,0.0,75.2,0.0,0.0,0.0,-0.0,-0.0,0.0,0.2589,0.35,0.42
2021-03-13 06:15:00,-0.0,1000.0,88.03076923,88.03076923,0.0,88.03076923,0.0,0.0,0.0,-0.0,-0.0,0.0,0.2589,0.35,0.42
2021-03-13 06:20:00,-0.0,1000.0,87.25384615,87.25384615,0.0,87.25384615,0.0,0.0,0.0,-0.0,-0.0,0.0,0.2589,0.35,0.42
2021-03-13 06:25:00,-0.0,1000.0,88.09230769,88.09230769,0.0,88.09230769,0.0,0.0,0.0,-0.0,-0.0,0.0,0.2589,0.35,0.42
2021-03-13 06:30:00,-0.0,1000.0,89.23076923,89.23076923,0.0,89.23076923,0.0,0.0,0.0,-0.0,-0.0,0.0,0.2589,0.35,0.42
2021-03-13 06:35:00,-0.0,1000.0,103.5857143,103.5857143,0.0,103.5857143,0.0,0.0,0.0,-0.0,-0.0,0.0,0.2589,0.35,0.42
2021-03-13 06:40:00,-0.0,1000.0,107.8153846,107.8153846,0.0,107.8153846,0.0,0.0,0.0,-0.0,-0.0,0.0,0.2589,0.35,0.42
2021-03-13 06:45:00,-0.0,1000.0,112.5846154,112.5846154,0.0,112.5846154,0.0,0.0,0.0,-0.0,-0.0,0.0,0.2589,0.35,0.42
2021-03-13 06:50:00,-0.0,1000.0,95.23076923,95.23076923,0.0,95.23076923,0.0,0.0,0.0,-0.0,-0.0,0.0,0.2589,0.35,0.42
2021-03-13 06:55:00,-0.0,1000.0,99.39230769,99.39230769,0.0,99.39230769,0.0,0.0,0.0,-0.0,-0.0,0.0,0.2589,0.35,0.42
2021-03-13 07:00:00,-0.0,1000.0,92.43846154,92.43846154,0.0,92.43846154,0.0,0.0,0.0,-0.0,-0.0,0.0,0.2589,0.35,0.42
2021-03-13 07:05:00,-0.0,1000.0,108.3076923,108.3076923,0.0,108.3076923,0.0,0.0,0.0,-0.0,-0.0,0.0,0.2589,0.35,0.42
2021-03-13 07:10:00,-0.0,1000.0,106.2,106.2,0.0,106.2,0.0,0.0,0.0,-0.0,-0.0,0.0,0.2589,0.35,0.42
2021-03-13 07:15:00,-0.0,1000.0,102.2692308,102.2692308,0.0,102.2692308,0.0,0.0,0.0,-0.0,-0.0,0.0,0.2589,0.35,0.42
2021-03-13 07:20:00,-0.0,1000.0,90.55384615,90.55384615,0.0,90.55384615,0.0,0.0,0.0,-0.0,-0.0,0.0,0.2589,0.35,0.42
2021-03-13 07:25:00,-0.0,1000.0,93.29230769,93.29230769,0.0,93.29230769,0.0,0.0,0.0,-0.0,-0.0,0.0,0.2589,0.35,0.42
2021-03-13 07:30:00,-0.0,1000.0,97.0,97.0,0.0,97.0,0.0,0.0,0.0,-0.0,-0.0,0.0,0.2589,0.35,0.42
2021-03-13 07:35:00,-0.0,1000.0,86.64615385,86.64615385,0.0,86.64615385,0.0,0.0,0.0,-0.0,-0.0,0.0,0.2589,0.35,0.42
2021-03-13 07:40:00,-0.0,1000.0,73.19230769,73.19230769,0.0,73.19230769,0.0,0.0,0.0,-0.0,-0.0,0.0,0.2589,0.35,0.42
2021-03-13 07:45:00,-0.0,1000.0,63.72307692,63.72307692,0.0,63.72307692,0.0,0.0,0.0,-0.0,-0.0,0.0,0.2589,0.35,0.42
2021-03-13 07:50:00,-0.0,1000.0,67.96153846,67.96153846,0.0,67.96153846,0.0,0.0,0.0,-0.0,-0.0,0.0,0.2589,0.35,0.42
2021-03-13 07:55:00,-0.0,1000.0,75.94615385,75.94615385,0.0,75.94615385,0.0,0.0,0.0,-0.0,-0.0,0.0,0.2589,0.35,0.42
2021-03-13 08:00:00,178.9461538,1000.0,0.0,178.9461538,0.0,178.9461538,0.0,0.0,0.0,178.9461538,-0.0,0.0,1.0347,0.35,0.42
2021-03-13 08:05:00,166.5461538,983.7911092572464,0.0,166.5461538,0.0,166.5461538,0.0,0.0,0.0,166.5461538,-0.0,0.0,1.0347,0.35,0.42
2021-03-13 08:10:00,155.6538462,968.7054069202899,0.0,155.6538462,0.0,155.6538462,0.0,0.0,0.0,155.6538462,-0.0,0.0,1.0347,0.35,0.42
2021-03-13 08:15:00,161.7857143,954.6063266485507,0.0,161.7857143,0.0,161.7857143,0.0,0.0,0.0,161.7857143,-0.0,0.0,1.0347,0.35,0.42
2021-03-13 08:20:00,157.8461538,939.9518235416667,0.0,157.8461538,0.0,157.8461538,0.0,0.0,0.0,157.8461538,-0.0,0.0,1.0347,0.35,0.42
2021-03-13 08:25:00,146.0538462,925.6541646829711,0.0,146.0538462,0.0,146.0538462,0.0,0.0,0.0,146.0538462,-0.0,0.0,1.0347,0.35,0.42
2021-03-13 08:30:00,166.4153846,912.4246496286232,0.0,166.4153846,0.0,166.4153846,0.0,0.0,0.0,166.4153846,-0.0,0.0,1.0347,0.35,0.42
2021-03-13 08:35:00,211.4230769,897.3507923278986,0.0,211.4230769,0.0,211.4230769,0.0,0.0,0.0,211.4230769,-0.0,0.0,1.0347,0.35,0.42
2021-03-13 08:40:00,207.6923077,878.2001513043479,0.0,207.6923077,0.0,207.6923077,0.0,0.0,0.0,207.6923077,-0.0,0.0,1.0347,0.35,0.42
2021-03-13 08:45:00,230.6692308,859.3874422735507,0.0,230.6692308,0.0,230.6692308,0.0,0.0,0.0,230.6692308,-0.0,0.0,1.0347,0.35,0.42
2021-03-13 08:50:00,250.0,838.4934902083334,16.384615399999973,266.3846154,0.0,266.3846154,0.0,0.0,0.0,250.0,-0.0,0.0,1.0347,0.35,0.42
2021-03-13 08:55:00,250.0,815.8485626721015,1.092307699999992,251.0923077,0.0,251.0923077,0.0,0.0,0.0,250.0,-0.0,0.0,1.0347,0.35,0.42
2021-03-13 09:00:00,246.5076923,793.2036351358696,0.0,246.5076923,0.0,246.5076923,0.0,0.0,0.0,246.5076923,-0.0,0.0,1.0347,0.35,0.42
2021-03-13 09:05:00,250.0,770.8750398188406,51.984615399999996,301.9846154,0.0,301.9846154,0.0,0.0,0.0,250.0,-0.0,0.0,1.0347,0.35,0.42
2021-03-13 09:10:00,250.0,748.2301122826087,38.10000000000002,288.1,0.0,288.1,0.0,0.0,0.0,250.0,-0.0,0.0,1.0347,0.35,0.42
2021-03-13 09:15:00,250.0,725.5851847463769,52.807692299999985,302.8076923,0.0,302.8076923,0.0,0.0,0.0,250.0,-0.0,0.0,1.0347,0.35,0.42
2021-03-13 09:20:00,250.0,702.940257210145,50.815384600000016,300.8153846,0.0,300.8153846,0.0,0.0,0.0,250.0,-0.0,0.0,1.0347,0.35,0.42
2021-03-13 09:25:00,250.0,680.2953296739131,3.2692308000000025,253.2692308,0.0,253.2692308,0.0,0.0,0.0,250.0,-0.0,0.0,1.0347,0.35,0.42
2021-03-13 09:30:00,250.0,657.6504021376812,24.684615399999984,274.6846154,0.0,274.6846154,0.0,0.0,0.0,250.0,-0.0,0.0,1.0347,0.35,0.42
2021-03-13 09:35:00,234.7615385,635.0054746014494,0.0,234.7615385,0.0,234.7615385,0.0,0.0,0.0,234.7615385,-0.0,0.0,1.0347,0.35,0.42
2021-03-13 09:40:00,250.0,613.7408424909421,15.476923100000022,265.4769231,0.0,265.4769231,0.0,0.0,0.0,250.0,-0.0,0.0,1.0347,0.35,0.42
2021-03-13 09:45:00,250.0,591.0959149547102,0.8230768999999896,250.8230769,0.0,250.8230769,0.0,0.0,0.0,250.0,-0.0,0.0,1.0347,0.35,0.42
2021-03-13 09:50:00,247.3076923,568.4509874184783,0.0,247.3076923,0.0,247.3076923,0.0,0.0,0.0,247.3076923,-0.0,0.0,1.0347,0.35,0.42
2021-03-13 09:55:00,246.4076923,546.0499283333335,0.0,246.4076923,0.0,246.4076923,0.0,0.0,0.0,246.4076923,-0.0,0.0,1.0347,0.35,0.42
2021-03-13 10:00:00,232.3307692,523.730390987319,0.0,232.3307692,0.0,232.3307692,0.0,0.0,0.0,232.3307692,-0.0,0.0,1.0347,0.35,0.42
2021-03-13 10:05:00,237.5076923,502.6859372554349,0.0,237.5076923,0.0,237.5076923,0.0,0.0,0.0,237.5076923,-0.0,0.0,1.0347,0.35,0.42
2021-03-13 10:10:00,235.1384615,481.1725593297103,0.0,235.1384615,0.0,235.1384615,0.0,0.0,0.0,235.1384615,-0.0,0.0,1.0347,0.35,0.42
2021-03-13 10:15:00,250.0,459.8737856431161,9.223076900000024,259.2230769,0.0,259.2230769,0.0,0.0,0.0,250.0,-0.0,0.0,1.0347,0.35,0.42
2021-03-13 10:20:00,243.9285714,437.2288581068842,0.0,243.9285714,0.0,243.9285714,0.0,0.0,0.0,243.9285714,-0.0,0.0,1.0347,0.35,0.42
2021-03-13 10:25:00,250.0,415.13387881340594,9.569230800000014,259.5692308,0.0,259.5692308,0.0,0.0,0.0,250.0,-0.0,0.0,1.0347,0.35,0.42
2021-03-13 10:30:00,250.0,392.48895127717407,1.6461538000000075,251.6461538,0.0,251.6461538,0.0,0.0,0.0,250.0,-0.0,0.0,1.0347,0.35,0.42
2021-03-13 10:35:00,250.0,369.8440237409422,6.546153800000013,256.5461538,0.0,256.5461538,0.0,0.0,0.0,250.0,-0.0,0.0,1.0347,0.35,0.42
2021-03-13 10:40:00,237.4384615,347.1990962047103,0.0,237.4384615,0.0,237.4384615,0.0,0.0,0.0,237.4384615,-0.0,0.0,1.0347,0.35,0.42
2021-03-13 10:45:00,250.0,325.69198918478276,17.82307689999999,267.8230769,0.0,267.8230769,0.0,0.0,0.0,250.0,-0.0,0.0,1.0347,0.35,0.42
2021-03-13 10:50:00,250.0,303.0470616485509,0.8692307999999969,250.8692308,0.0,250.8692308,0.0,0.0,0.0,250.0,-0.0,0.0,1.0347,0.35,0.42
2021-03-13 10:55:00,250.0,280.402134112319,41.0,291.0,0.0,291.0,0.0,0.0,0.0,250.0,-0.0,0.0,1.0347,0.35,0.42
2021-03-13 11:00:00,250.0,257.7572065760871,14.007692299999974,264.0076923,0.0,264.0076923,0.0,0.0,0.0,250.0,-0.0,0.0,1.0347,0.35,0.42
2021-03-13 11:05:00,250.0,235.11227903985525,9.953846199999987,259.9538462,0.0,259.9538462,0.0,0.0,0.0,250.0,-0.0,0.0,1.0347,0.35,0.42
2021-03-13 11:10:00,250.0,212.46735150362338,11.64615379999998,261.6461538,0.0,261.6461538,0.0,0.0,0.0,250.0,-0.0,0.0,1.0347,0.35,0.42
2021-03-13 11:15:00,250.0,189.8224239673915,19.149999999999977,269.15,0.0,269.15,0.0,0.0,0.0,250.0,-0.0,0.0,1.0347,0.35,0.42
2021-03-13 11:20:00,250.0,167.17749643115962,17.476923100000022,267.4769231,0.0,267.4769231,0.0,0.0,0.0,250.0,-0.0,0.0,1.0347,0.35,0.42
2021-03-13 11:25:00,250.0,144.53256889492775,15.44615379999999,265.4461538,0.0,265.4461538,0.0,0.0,0.0,250.0,-0.0,0.0,1.0347,0.35,0.42
2021-03-13 11:30:00,250.0,121.88764135869587,28.96923079999999,278.9692308,0.0,278.9692308,0.0,0.0,0.0,250.0,-0.0,0.0,1.0347,0.35,0.42
2021-03-13 11:35:00,250.0,99.242713822464,7.7307691999999975,257.7307692,0.0,257.7307692,0.0,0.0,0.0,250.0,-0.0,0.0,1.0347,0.35,0.42
2021-03-13 11:40:00,250.0,76.59778628623212,31.600000000000023,281.6,0.0,281.6,0.0,0.0,0.0,250.0,-0.0,0.0,1.0347,0.35,0.42
2021-03-13 11:45:00,250.0,53.95285875000024,26.638461500000005,276.6384615,0.0,276.6384615,0.0,0.0,0.0,250.0,-0.0,0.0,1.0347,0.35,0.42
2021-03-13 11:50:00,250.0,31.307931213768356,9.94615379999999,259.9461538,0.0,259.9461538,0.0,0.0,0.0,250.0,-0.0,0.0,1.0347,0.35,0.42
2021-03-13 11:55:00,95.63956060000267,8.663003677536473,165.61428559999734,261.2538462,0.0,261.2538462,0.0,0.0,0.0,95.63956060000267,-0.0,0.0,1.0347,0.35,0.42
2021-03-13 12:00:00,-250.0,-0.0,484.9692308,234.9692308,0.0,234.9692308,0.0,0.0,0.0,0.0,-0.0,-250.0,0.6068,0.35,0.42
2021-03-13 12:05:00,-250.0,19.166666666666664,466.5538462,216.5538462,0.0,216.5538462,0.0,0.0,0.0,0.0,-0.0,-250.0,0.6068,0.35,0.42
2021-03-13 12:10:00,-250.0,38.33333333333333,462.5692308,212.5692308,0.0,212.5692308,0.0,0.0,0.0,0.0,-0.0,-250.0,0.6068,0.35,0.42
2021-03-13 12:15:00,-250.0,57.49999999999999,450.5428571,200.5428571,0.0,200.5428571,0.0,0.0,0.0,0.0,-0.0,-250.0,0.6068,0.35,0.42
2021-03-13 12:20:00,-250.0,76.66666666666666,451.8230769,201.8230769,0.0,201.8230769,0.0,0.0,0.0,0.0,-0.0,-250.0,0.6068,0.35,0.42
2021-03-13 12:25:00,-250.0,95.83333333333331,465.26153850000003,215.2615385,0.0,215.2615385,0.0,0.0,0.0,0.0,-0.0,-250.0,0.6068,0.35,0.42
2021-03-13 12:30:00,-250.0,114.99999999999997,459.16923080000004,209.1692308,0.0,209.1692308,0.0,0.0,0.0,0.0,-0.0,-250.0,0.6068,0.35,0.42
2021-03-13 12:35:00,-250.0,134.16666666666663,458.4307692,208.4307692,0.0,208.4307692,0.0,0.0,0.0,0.0,-0.0,-250.0,0.6068,0.35,0.42
2021-03-13 12:40:00,-250.0,153.3333333333333,491.03846150000004,241.0384615,0.0,241.0384615,0.0,0.0,0.0,0.0,-0.0,-250.0,0.6068,0.35,0.42
2021-03-13 12:45:00,-250.0,172.49999999999994,469.4307692,219.4307692,0.0,219.4307692,0.0,0.0,0.0,0.0,-0.0,-250.0,0.6068,0.35,0.42
2021-03-13 12:50:00,-250.0,191.6666666666666,460.23846149999997,210.2384615,0.0,210.2384615,0.0,0.0,0.0,0.0,-0.0,-250.0,0.6068,0.35,0.42
2021-03-13 12:55:00,-250.0,210.83333333333326,494.8384615,244.8384615,0.0,244.8384615,0.0,0.0,0.0,0.0,-0.0,-250.0,0.6068,0.35,0.42
2021-03-13 13:00:00,-250.0,229.99999999999991,475.9,225.9,0.0,225.9,0.0,0.0,0.0,0.0,-0.0,-250.0,0.6068,0.35,0.42
2021-03-13 13:05:00,-250.0,249.16666666666657,507.6615385,257.6615385,0.0,257.6615385,0.0,0.0,0.0,0.0,-0.0,-250.0,0.6068,0.35,0.42
2021-03-13 13:10:00,-250.0,268.33333333333326,501.1076923,251.1076923,0.0,251.1076923,0.0,0.0,0.0,0.0,-0.0,-250.0,0.6068,0.35,0.42
2021-03-13 13:15:00,-250.0,287.49999999999994,520.9076923,270.9076923,0.0,270.9076923,0.0,0.0,0.0,0.0,-0.0,-250.0,0.6068,0.35,0.42
2021-03-13 13:20:00,-250.0,306.66666666666663,506.9846154,256.9846154,0.0,256.9846154,0.0,0.0,0.0,0.0,-0.0,-250.0,0.6068,0.35,0.42
2021-03-13 13:25:00,-250.0,325.8333333333333,509.9615385,259.9615385,0.0,259.9615385,0.0,0.0,0.0,0.0,-0.0,-250.0,0.6068,0.35,0.42
2021-03-13 13:30:00,-250.0,345.0,491.7538462,241.7538462,0.0,241.7538462,0.0,0.0,0.0,0.0,-0.0,-250.0,0.6068,0.35,0.42
2021-03-13 13:35:00,-250.0,364.1666666666667,490.73846149999997,240.7384615,0.0,240.7384615,0.0,0.0,0.0,0.0,-0.0,-250.0,0.6068,0.35,0.42
2021-03-13 13:40:00,-250.0,383.33333333333337,509.3615385,259.3615385,0.0,259.3615385,0.0,0.0,0.0,0.0,-0.0,-250.0,0.6068,0.35,0.42
2021-03-13 13:45:00,-250.0,402.50000000000006,519.4692308,269.4692308,0.0,269.4692308,0.0,0.0,0.0,0.0,-0.0,-250.0,0.6068,0.35,0.42
2021-03-13 13:50:00,-250.0,421.66666666666674,494.1076923,244.1076923,0.0,244.1076923,0.0,0.0,0.0,0.0,-0.0,-250.0,0.6068,0.35,0.42
2021-03-13 13:55:00,-250.0,440.8333333333334,495.5714286,245.5714286,0.0,245.5714286,0.0,0.0,0.0,0.0,-0.0,-250.0,0.6068,0.35,0.42
2021-03-13 14:00:00,-250.0,460.0000000000001,498.2,248.2,0.0,248.2,0.0,0.0,0.0,0.0,-0.0,-250.0,0.6068,0.35,0.42
2021-03-13 14:05:00,-250.0,479.1666666666668,509.4538462,259.4538462,0.0,259.4538462,0.0,0.0,0.0,0.0,-0.0,-250.0,0.6068,0.35,0.42
2021-03-13 14:10:00,-250.0,498.3333333333335,497.20769229999996,247.2076923,0.0,247.2076923,0.0,0.0,0.0,0.0,-0.0,-250.0,0.6068,0.35,0.42
2021-03-13 14:15:00,-250.0,517.5000000000001,507.4307692,257.4307692,0.0,257.4307692,0.0,0.0,0.0,0.0,-0.0,-250.0,0.6068,0.35,0.42
2021-03-13 14:20:00,-250.0,536.6666666666667,493.49285710000004,243.4928571,0.0,243.4928571,0.0,0.0,0.0,0.0,-0.0,-250.0,0.6068,0.35,0.42
2021-03-13 14:25:00,-250.0,555.8333333333334,522.1076923,272.1076923,0.0,272.1076923,0.0,0.0,0.0,0.0,-0.0,-250.0,0.6068,0.35,0.42
2021-03-13 14:30:00,-250.0,575.0,496.7538462,246.7538462,0.0,246.7538462,0.0,0.0,0.0,0.0,-0.0,-250.0,0.6068,0.35,0.42
2021-03-13 14:35:00,-250.0,594.1666666666666,511.0692308,261.0692308,0.0,261.0692308,0.0,0.0,0.0,0.0,-0.0,-250.0,0.6068,0.35,0.42
2021-03-13 14:40:00,-250.0,613.3333333333333,520.9846153999999,270.9846154,0.0,270.9846154,0.0,0.0,0.0,0.0,-0.0,-250.0,0.6068,0.35,0.42
2021-03-13 14:45:00,-250.0,632.4999999999999,490.0923077,240.0923077,0.0,240.0923077,0.0,0.0,0.0,0.0,-0.0,-250.0,0.6068,0.35,0.42
2021-03-13 14:50:00,-250.0,651.6666666666665,505.5461538,255.5461538,0.0,255.5461538,0.0,0.0,0.0,0.0,-0.0,-250.0,0.6068,0.35,0.42
2021-03-13 14:55:00,-250.0,670.8333333333331,507.9846154,257.9846154,0.0,257.9846154,0.0,0.0,0.0,0.0,-0.0,-250.0,0.6068,0.35,0.42
2021-03-13 15:00:00,-250.0,689.9999999999998,481.5230769,231.5230769,0.0,231.5230769,0.0,0.0,0.0,0.0,-0.0,-250.0,0.6068,0.35,0.42
2021-03-13 15:05:00,-250.0,709.1666666666664,501.2538462,251.2538462,0.0,251.2538462,0.0,0.0,0.0,0.0,-0.0,-250.0,0.6068,0.35,0.42
2021-03-13 15:10:00,-250.0,728.333333333333,517.4,267.4,0.0,267.4,0.0,0.0,0.0,0.0,-0.0,-250.0,0.6068,0.35,0.42
2021-03-13 15:15:00,-250.0,747.4999999999997,480.0,230.0,0.0,230.0,0.0,0.0,0.0,0.0,-0.0,-250.0,0.6068,0.35,0.42
2021-03-13 15:20:00,-250.0,766.6666666666663,507.2769231,257.2769231,0.0,257.2769231,0.0,0.0,0.0,0.0,-0.0,-250.0,0.6068,0.35,0.42
2021-03-13 15:25:00,-250.0,785.8333333333329,501.97857139999996,251.9785714,0.0,251.9785714,0.0,0.0,0.0,0.0,-0.0,-250.0,0.6068,0.35,0.42
2021-03-13 15:30:00,-250.0,804.9999999999995,498.4076923,248.4076923,0.0,248.4076923,0.0,0.0,0.0,0.0,-0.0,-250.0,0.6068,0.35,0.42
2021-03-13 15:35:00,-250.0,824.1666666666662,522.1923077,272.1923077,0.0,272.1923077,0.0,0.0,0.0,0.0,-0.0,-250.0,0.6068,0.35,0.42
2021-03-13 15:40:00,-250.0,843.3333333333328,517.9538462,267.9538462,0.0,267.9538462,0.0,0.0,0.0,0.0,-0.0,-250.0,0.6068,0.35,0.42
2021-03-13 15:45:00,-250.0,862.4999999999994,526.4307692,276.4307692,0.0,276.4307692,0.0,0.0,0.0,0.0,-0.0,-250.0,0.6068,0.35,0.42
2021-03-13 15:50:00,-250.0,881.6666666666661,494.27142860000004,244.2714286,0.0,244.2714286,0.0,0.0,0.0,0.0,-0.0,-250.0,0.6068,0.35,0.42
2021-03-13 15:55:00,-250.0,900.8333333333327,505.6,255.6,0.0,255.6,0.0,0.0,0.0,0.0,-0.0,-250.0,0.6068,0.35,0.42
2021-03-13 16:00:00,-250.0,919.9999999999993,514.9692308,264.9692308,0.0,264.9692308,0.0,0.0,0.0,0.0,-0.0,-250.0,0.6068,0.35,0.42
2021-03-13 16:05:00,-250.0,939.166666666666,552.3230768999999,302.3230769,0.0,302.3230769,0.0,0.0,0.0,0.0,-0.0,-250.0,0.6068,0.35,0.42
2021-03-13 16:10:00,-250.0,958.3333333333326,574.0076922999999,324.0076923,0.0,324.0076923,0.0,0.0,0.0,0.0,-0.0,-250.0,0.6068,0.35,0.42
2021-03-13 16:15:00,-250.0,977.4999999999992,586.5153846000001,336.5153846,0.0,336.5153846,0.0,0.0,0.0,0.0,-0.0,-250.0,0.6068,0.35,0.42
2021-03-13 16:20:00,-43.47826086957635,996.6666666666658,358.76287626957634,315.2846154,0.0,315.2846154,0.0,0.0,0.0,0.0,-0.0,-43.47826086957635,0.6068,0.35,0.42
2021-03-13 16:25:00,-0.0,1000.0,273.9538462,273.9538462,0.0,273.9538462,0.0,0.0,0.0,-0.0,-0.0,0.0,0.6068,0.35,0.42
2021-03-13 16:30:00,-0.0,1000.0,282.1846154,282.1846154,0.0,282.1846154,0.0,0.0,0.0,-0.0,-0.0,0.0,0.6068,0.35,0.42
2021-03-13 16:35:00,-0.0,1000.0,277.7076923,277.7076923,0.0,277.7076923,0.0,0.0,0.0,-0.0,-0.0,0.0,0.6068,0.35,0.42
2021-03-13 16:40:00,-0.0,1000.0,280.6615385,280.6615385,0.0,280.6615385,0.0,0.0,0.0,-0.0,-0.0,0.0,0.6068,0.35,0.42
2021-03-13 16:45:00,-0.0,1000.0,267.2769231,267.2769231,0.0,267.2769231,0.0,0.0,0.0,-0.0,-0.0,0.0,0.6068,0.35,0.42
2021-03-13 16:50:00,-0.0,1000.0,267.6461538,267.6461538,0.0,267.6461538,0.0,0.0,0.0,-0.0,-0.0,0.0,0.6068,0.35,0.42
2021-03-13 16:55:00,-0.0,1000.0,258.5846154,258.5846154,0.0,258.5846154,0.0,0.0,0.0,-0.0,-0.0,0.0,0.6068,0.35,0.42
2021-03-13 17:00:00,250.0,1000.0,24.19999999999999,274.2,0.0,274.2,0.0,0.0,0.0,250.0,-0.0,0.0,1.0347,0.35,0.42
2021-03-13 17:05:00,250.0,977.3550724637681,29.815384600000016,279.8153846,0.0,279.8153846,0.0,0.0,0.0,250.0,-0.0,0.0,1.0347,0.35,0.42
2021-03-13 17:10:00,250.0,954.7101449275362,25.215384599999993,275.2153846,0.0,275.2153846,0.0,0.0,0.0,250.0,-0.0,0.0,1.0347,0.35,0.42
2021-03-13 17:15:00,250.0,932.0652173913044,2.3538461999999925,252.3538462,0.0,252.3538462,0.0,0.0,0.0,250.0,-0.0,0.0,1.0347,0.35,0.42
2021-03-13 17:20:00,243.1769231,909.4202898550725,0.0,243.1769231,0.0,243.1769231,0.0,0.0,0.0,243.1769231,-0.0,0.0,1.0347,0.35,0.42
2021-03-13 17:25:00,232.6538462,887.3933946467391,0.0,232.6538462,0.0,232.6538462,0.0,0.0,0.0,232.6538462,-0.0,0.0,1.0347,0.35,0.42
2021-03-13 17:30:00,250.0,866.3196766938406,9.314285700000028,259.3142857,0.0,259.3142857,0.0,0.0,0.0,250.0,-0.0,0.0,1.0347,0.35,0.42
2021-03-13 17:35:00,250.0,843.6747491576087,2.2230768999999952,252.2230769,0.0,252.2230769,0.0,0.0,0.0,250.0,-0.0,0.0,1.0347,0.35,0.42
2021-03-13 17:40:00,245.2461538,821.0298216213769,0.0,245.2461538,0.0,245.2461538,0.0,0.0,0.0,245.2461538,-0.0,0.0,1.0347,0.35,0.42
2021-03-13 17:45:00,244.9461538,798.8154960960145,0.0,244.9461538,0.0,244.9461538,0.0,0.0,0.0,244.9461538,-0.0,0.0,1.0347,0.35,0.42
2021-03-13 17:50:00,245.7923077,776.6283444836956,0.0,245.7923077,0.0,245.7923077,0.0,0.0,0.0,245.7923077,-0.0,0.0,1.0347,0.35,0.42
2021-03-13 17:55:00,240.1,754.3645484963768,0.0,240.1,0.0,240.1,0.0,0.0,0.0,240.1,-0.0,0.0,1.0347,0.35,0.42
2021-03-13 18:00:00,243.2,732.6163600905796,0.0,243.2,0.0,243.2,0.0,0.0,0.0,243.2,-0.0,0.0,1.0347,0.35,0.42
2021-03-13 18:05:00,250.0,710.5873745833333,8.623076900000001,258.6230769,0.0,258.6230769,0.0,0.0,0.0,250.0,-0.0,0.0,1.0347,0.35,0.42
2021-03-13 18:10:00,237.6923077,687.9424470471014,0.0,237.6923077,0.0,237.6923077,0.0,0.0,0.0,237.6923077,-0.0,0.0,1.0347,0.35,0.42
2021-03-13 18:15:00,239.2230769,666.4123467119565,0.0,239.2230769,0.0,239.2230769,0.0,0.0,0.0,239.2230769,-0.0,0.0,1.0347,0.35,0.42
2021-03-13 18:20:00,250.0,644.7435897463768,5.5,255.5,0.0,255.5,0.0,0.0,0.0,250.0,-0.0,0.0,1.0347,0.35,0.42
2021-03-13 18:25:00,246.0615385,622.0986622101449,0.0,246.0615385,0.0,246.0615385,0.0,0.0,0.0,246.0615385,-0.0,0.0,1.0347,0.35,0.42
2021-03-13 18:30:00,247.5384615,599.810479375,0.0,247.5384615,0.0,247.5384615,0.0,0.0,0.0,247.5384615,-0.0,0.0,1.0347,0.35,0.42
2021-03-13 18:35:00,245.9923077,577.3885172826087,0.0,245.9923077,0.0,245.9923077,0.0,0.0,0.0,245.9923077,-0.0,0.0,1.0347,0.35,0.42
2021-03-13 18:40:00,229.8153846,555.1066053532609,0.0,229.8153846,0.0,229.8153846,0.0,0.0,0.0,229.8153846,-0.0,0.0,1.0347,0.35,0.42
2021-03-13 18:45:00,229.6692308,534.2899944293479,0.0,229.6692308,0.0,229.6692308,0.0,0.0,0.0,229.6692308,-0.0,0.0,1.0347,0.35,0.42
2021-03-13 18:50:00,249.9,513.4866220742754,0.0,249.9,0.0,249.9,0.0,0.0,0.0,249.9,-0.0,0.0,1.0347,0.35,0.42
2021-03-13 18:55:00,221.1538462,490.850752509058,0.0,221.1538462,0.0,221.1538462,0.0,0.0,0.0,221.1538462,-0.0,0.0,1.0347,0.35,0.42
2021-03-13 19:00:00,231.5307692,470.8187012228261,0.0,231.5307692,0.0,231.5307692,0.0,0.0,0.0,231.5307692,-0.0,0.0,1.0347,0.35,0.42
2021-03-13 19:05:00,249.1076923,449.846711259058,0.0,249.1076923,0.0,249.1076923,0.0,0.0,0.0,249.1076923,-0.0,0.0,1.0347,0.35,0.42
2021-03-13 19:10:00,224.4692308,427.2826086956522,0.0,224.4692308,0.0,224.4692308,0.0,0.0,0.0,224.4692308,-0.0,0.0,1.0347,0.35,0.42
2021-03-13 19:15:00,223.0923077,406.95025083333337,0.0,223.0923077,0.0,223.0923077,0.0,0.0,0.0,223.0923077,-0.0,0.0,1.0347,0.35,0.42
2021-03-13 19:20:00,219.3692308,386.7426142663044,0.0,219.3692308,0.0,219.3692308,0.0,0.0,0.0,219.3692308,-0.0,0.0,1.0347,0.35,0.42
2021-03-13 19:25:00,212.1230769,366.8722129257247,0.0,212.1230769,0.0,212.1230769,0.0,0.0,0.0,212.1230769,-0.0,0.0,1.0347,0.35,0.42
2021-03-13 19:30:00,211.9538462,347.6581661050725,0.0,211.9538462,0.0,211.9538462,0.0,0.0,0.0,211.9538462,-0.0,0.0,1.0347,0.35,0.42
2021-03-13 19:35:00,213.4928571,328.45944815217393,0.0,213.4928571,0.0,213.4928571,0.0,0.0,0.0,213.4928571,-0.0,0.0,1.0347,0.35,0.42
2021-03-13 19:40:00,206.3076923,309.1213270380435,0.0,206.3076923,0.0,206.3076923,0.0,0.0,0.0,206.3076923,-0.0,0.0,1.0347,0.35,0.42
2021-03-13 19:45:00,188.0538462,290.4340360688406,0.0,188.0538462,0.0,188.0538462,0.0,0.0,0.0,188.0538462,-0.0,0.0,1.0347,0.35,0.42
2021-03-13 19:50:00,208.4692308,273.4001731884058,0.0,208.4692308,0.0,208.4692308,0.0,0.0,0.0,208.4692308,-0.0,0.0,1.0347,0.35,0.42
2021-03-13 19:55:00,193.8,254.5170906884058,0.0,193.8,0.0,193.8,0.0,0.0,0.0,193.8,-0.0,0.0,1.0347,0.35,0.42
2021-03-13 20:00:00,196.2,236.96274286231886,0.0,196.2,0.0,196.2,0.0,0.0,0.0,196.2,-0.0,0.0,1.0347,0.35,0.42
2021-03-13 20:05:00,188.0692308,219.19100373188408,0.0,188.0692308,0.0,188.0692308,0.0,0.0,0.0,188.0692308,-0.0,0.0,1.0347,0.35,0.42
2021-03-13 20:10:00,160.9153846,202.1557473188406,0.0,160.9153846,0.0,160.9153846,0.0,0.0,0.0,160.9153846,-0.0,0.0,1.0347,0.35,0.42
2021-03-13 20:15:00,161.3923077,187.58007842391308,0.0,161.3923077,0.0,161.3923077,0.0,0.0,0.0,161.3923077,-0.0,0.0,1.0347,0.35,0.42
2021-03-13 20:20:00,147.3230769,172.9612099728261,0.0,147.3230769,0.0,147.3230769,0.0,0.0,0.0,147.3230769,-0.0,0.0,1.0347,0.35,0.42
2021-03-13 20:25:00,134.0307692,159.61672836956524,0.0,134.0307692,0.0,134.0307692,0.0,0.0,0.0,134.0307692,-0.0,0.0,1.0347,0.35,0.42
2021-03-13 20:30:00,132.5538462,147.47626014492755,0.0,132.5538462,0.0,132.5538462,0.0,0.0,0.0,132.5538462,-0.0,0.0,1.0347,0.35,0.42
2021-03-13 20:35:00,122.2615385,135.46957117753624,0.0,122.2615385,0.0,122.2615385,0.0,0.0,0.0,122.2615385,-0.0,0.0,1.0347,0.35,0.42
2021-03-13 20:40:00,124.5384615,124.39515645833333,0.0,124.5384615,0.0,124.5384615,0.0,0.0,0.0,124.5384615,-0.0,0.0,1.0347,0.35,0.42
2021-03-13 20:45:00,130.5769231,113.11449871376811,0.0,130.5769231,0.0,130.5769231,0.0,0.0,0.0,130.5769231,-0.0,0.0,1.0347,0.35,0.42
2021-03-13 20:50:00,123.3153846,101.28687886775363,0.0,123.3153846,0.0,123.3153846,0.0,0.0,0.0,123.3153846,-0.0,0.0,1.0347,0.35,0.42
2021-03-13 20:55:00,63.36428571,90.11700707427536,0.0,63.36428571,0.0,63.36428571,0.0,0.0,0.0,63.36428571,-0.0,0.0,1.0347,0.35,0.42
2021-03-13 21:00:00,0.0,84.37748844112319,80.41538462,80.41538462,0.0,80.41538462,0.0,0.0,0.0,0.0,-0.0,0.0,0.6068,0.35,0.42
2021-03-13 21:05:00,0.0,84.37748844112319,65.76923077,65.76923077,0.0,65.76923077,0.0,0.0,0.0,0.0,-0.0,0.0,0.6068,0.35,0.42
2021-03-13 21:10:00,0.0,84.37748844112319,62.38666667,62.38666667,0.0,62.38666667,0.0,0.0,0.0,0.0,-0.0,0.0,0.6068,0.35,0.42
2021-03-13 21:15:00,0.0,84.37748844112319,74.04615385,74.04615385,0.0,74.04615385,0.0,0.0,0.0,0.0,-0.0,0.0,0.6068,0.35,0.42
2021-03-13 21:20:00,0.0,84.37748844112319,72.33846154,72.33846154,0.0,72.33846154,0.0,0.0,0.0,0.0,-0.0,0.0,0.6068,0.35,0.42
2021-03-13 21:25:00,0.0,84.37748844112319,61.50769231,61.50769231,0.0,61.50769231,0.0,0.0,0.0,0.0,-0.0,0.0,0.6068,0.35,0.42
2021-03-13 21:30:00,0.0,84.37748844112319,65.07857143,65.07857143,0.0,65.07857143,0.0,0.0,0.0,0.0,-0.0,0.0,0.6068,0.35,0.42
2021-03-13 21:35:00,0.0,84.37748844112319,82.02307692,82.02307692,0.0,82.02307692,0.0,0.0,0.0,0.0,-0.0,0.0,0.6068,0.35,0.42
2021-03-13 21:40:00,0.0,84.37748844112319,66.71538462,66.71538462,0.0,66.71538462,0.0,0.0,0.0,0.0,-0.0,0.0,0.6068,0.35,0.42
2021-03-13 21:45:00,0.0,84.37748844112319,63.89230769,63.89230769,0.0,63.89230769,0.0,0.0,0.0,0.0,-0.0,0.0,0.6068,0.35,0.42
2021-03-13 21:50:00,0.0,84.37748844112319,65.84615385,65.84615385,0.0,65.84615385,0.0,0.0,0.0,0.0,-0.0,0.0,0.6068,0.35,0.42
2021-03-13 21:55:00,0.0,84.37748844112319,65.34615385,65.34615385,0.0,65.34615385,0.0,0.0,0.0,0.0,-0.0,0.0,0.6068,0.35,0.42
2021-03-13 22:00:00,0.0,84.37748844112319,59.03076923,59.03076923,0.0,59.03076923,0.0,0.0,0.0,0.0,-0.0,0.0,0.6068,0.35,0.42
2021-03-13 22:05:00,0.0,84.37748844112319,63.56923077,63.56923077,0.0,63.56923077,0.0,0.0,0.0,0.0,-0.0,0.0,0.6068,0.35,0.42
2021-03-13 22:10:00,0.0,84.37748844112319,63.46153846,63.46153846,0.0,63.46153846,0.0,0.0,0.0,0.0,-0.0,0.0,0.6068,0.35,0.42
2021-03-13 22:15:00,0.0,84.37748844112319,75.32307692,75.32307692,0.0,75.32307692,0.0,0.0,0.0,0.0,-0.0,0.0,0.6068,0.35,0.42
2021-03-13 22:20:00,0.0,84.37748844112319,63.99230769,63.99230769,0.0,63.99230769,0.0,0.0,0.0,0.0,-0.0,0.0,0.6068,0.35,0.42
2021-03-13 22:25:00,0.0,84.37748844112319,57.27692308,57.27692308,0.0,57.27692308,0.0,0.0,0.0,0.0,-0.0,0.0,0.6068,0.35,0.42
2021-03-13 22:30:00,0.0,84.37748844112319,68.25384615,68.25384615,0.0,68.25384615,0.0,0.0,0.0,0.0,-0.0,0.0,0.6068,0.35,0.42
2021-03-13 22:35:00,0.0,84.37748844112319,76.67692308,76.67692308,0.0,76.67692308,0.0,0.0,0.0,0.0,-0.0,0.0,0.6068,0.35,0.42
2021-03-13 22:40:00,0.0,84.37748844112319,70.5,70.5,0.0,70.5,0.0,0.0,0.0,0.0,-0.0,0.0,0.6068,0.35,0.42
2021-03-13 22:45:00,0.0,84.37748844112319,59.88461538,59.88461538,0.0,59.88461538,0.0,0.0,0.0,0.0,-0.0,0.0,0.6068,0.35,0.42
2021-03-13 22:50:00,0.0,84.37748844112319,61.2,61.2,0.0,61.2,0.0,0.0,0.0,0.0,-0.0,0.0,0.6068,0.35,0.42
2021-03-13 22:55:00,0.0,84.37748844112319,58.62307692,58.62307692,0.0,58.62307692,0.0,0.0,0.0,0.0,-0.0,0.0,0.6068,0.35,0.42
2021-03-13 23:00:00,0.0,84.37748844112319,65.53846154,65.53846154,0.0,65.53846154,0.0,0.0,0.0,0.0,-0.0,0.0,0.6068,0.35,0.42
2021-03-13 23:05:00,0.0,84.37748844112319,56.19230769,56.19230769,0.0,56.19230769,0.0,0.0,0.0,0.0,-0.0,0.0,0.6068,0.35,0.42
2021-03-13 23:10:00,0.0,84.37748844112319,63.0,63.0,0.0,63.0,0.0,0.0,0.0,0.0,-0.0,0.0,0.6068,0.35,0.42
2021-03-13 23:15:00,0.0,84.37748844112319,69.63846154,69.63846154,0.0,69.63846154,0.0,0.0,0.0,0.0,-0.0,0.0,0.6068,0.35,0.42
2021-03-13 23:20:00,0.0,84.37748844112319,59.30769231,59.30769231,0.0,59.30769231,0.0,0.0,0.0,0.0,-0.0,0.0,0.6068,0.35,0.42
2021-03-13 23:25:00,0.0,84.37748844112319,62.26153846,62.26153846,0.0,62.26153846,0.0,0.0,0.0,0.0,-0.0,0.0,0.6068,0.35,0.42
2021-03-13 23:30:00,0.0,84.37748844112319,58.86923077,58.86923077,0.0,58.86923077,0.0,0.0,0.0,0.0,-0.0,0.0,0.6068,0.35,0.42
2021-03-13 23:35:00,0.0,84.37748844112319,58.98571429,58.98571429,0.0,58.98571429,0.0,0.0,0.0,0.0,-0.0,0.0,0.6068,0.35,0.42
2021-03-13 23:40:00,0.0,84.37748844112319,56.03076923,56.03076923,0.0,56.03076923,0.0,0.0,0.0,0.0,-0.0,0.0,0.6068,0.35,0.42
2021-03-13 23:45:00,0.0,84.37748844112319,65.79230769,65.79230769,0.0,65.79230769,0.0,0.0,0.0,0.0,-0.0,0.0,0.6068,0.35,0.42
2021-03-13 23:50:00,0.0,84.37748844112319,72.13846154,72.13846154,0.0,72.13846154,0.0,0.0,0.0,0.0,-0.0,0.0,0.6068,0.35,0.42
2021-03-13 23:55:00,0.0,84.37748844112319,56.63076923,56.63076923,0.0,56.63076923,0.0,0.0,0.0,0.0,-0.0,0.0,0.6068,0.35,0.42
